54459475
54459625
54459775
54459925
54460075
54460225
54460375
54460525
54460675
54460825
54460975
54461125
54461275
54461425
54461575
54461725
54461875
54462025
54462175
54462325
54462475
54462625
54462775
54462925
54463075
54463225
54463375
54463525
54463675
54463825
54463975
54464125
54464275
54464425
54464575
54464725
54464875
54465025
54465175
54465325
54465475
54465625
54465775
54465925
54466075
54466225
54466375
54466525
54466675
54466825
54466975
54467125
54467275
54467425
54467575
54467725
54467875
54468025
54468175
54468325
54468475
54468625
54468775
54468925
54469075
54469225
54469375
54469525
54469675
54469825
54469975
54470125
54470275
54470425
54470575
54470725
54470875
54471025
54471175
54471325
54471475
54471625
54471775
54471925
54472075
54472225
54472375
54472525
54472675
54472825
54472975
54473125
54473275
54473425
54473575
54473725
54473875
54474025
54474175
54474325
54474475
54474625
54474775
54474925
54475075
54475225
54475375
54475525
54475675
54475825
54475975
54476125
54476275
54476425
54476575
54476725
54476875
54477025
54477175
54477325
54477475
54477625
54477775
54477925
54478075
54478225
54478375
54478525
54478675
54478825
54478975
54479125
54479275
54479425
54479575
54479725
54479875
54480025
54480175
54480325
54480475
54480625
54480775
54480925
54481075
54481225
54481375
54481525
54481675
54481825
54481975
54482125
54482275
54482425
54482575
54482725
54482875
54483025
54483175
54483325
54483475
54483625
54483775
54483925
54484075
54484225
54484375
54484525
54484675
54484825
54484975
54485125
54485275
54485425
54485575
54485725
54485875
54486025
54486175
54486325
54486475
54486625
54486775
54486925
54487075
54487225
54487375
54487525
54487675
54487825
54487975
54488125
54488275
54488425
54488575
54488725
54488875
54489025
54489175
54489325
54489475
54489625
54489775
54489925
54490075
54490225
54490375
54490525
54490675
54490825
54490975
54491125
54491275
54491425
54491575
54491725
54491875
54492025
54492175
54492325
54492475
54492625
54492775
54492925
54493075
54493225
54493375
54493525
54493675
54493825
54493975
54494125
54494275
54494425
54494575
54494725
54494875
54495025
54495175
54495325
54495475
54495625
54495775
54495925
54496075
54496225
54496375
54496525
54496675
54496825
54496975
54497125
54497275
54497425
54497575
54497725
54497875
54498025
54498175
54498325
54498475
54498625
54498775
54498925
54499075
54499225
54499375
54499525
54499675
54499825
54499975
54500125
54500275
54500425
54500575
54500725
54500875
54501025
54501175
54501325
54501475
54501625
54501775
54501925
54502075
54502225
54502375
54502525
54502675
54502825
54502975
54503125
54503275
54503425
54503575
54503725
54503875
54504025
54504175
54504325
54504475
54504625
54504775
54504925
54505075
54505225
54505375
54505525
54505675
54505825
54505975
54506125
54506275
54506425
54506575
54506725
54506875
54507025
54507175
54507325
54507475
54507625
54507775
54507925
54508075
54508225
54508375
54508525
54508675
54508825
54508975
54509125
54509275
54509425
54509575
54509725
54509875
54510025
54510175
54510325
54510475
54510625
54510775
54510925
54511075
54511225
54511375
54511525
54511675
54511825
54511975
54512125
54512275
54512425
54512575
54512725
54512875
54513025
54513175
54513325
54513475
54513625
54513775
54513925
54514075
54514225
54514375
54514525
54514675
54514825
54514975
54515125
54515275
54515425
54515575
54515725
54515875
54516025
54516175
54516325
54516475
54516625
54516775
54516925
54517075
54517225
54517375
54517525
54517675
54517825
54517975
54518125
54518275
54518425
54518575
54518725
54518875
54519025
54519175
54519325
54519475
54519625
54519775
54519925
54520075
54520225
54520375
54520525
54520675
54520825
54520975
54521125
54521275
54521425
54521575
54521725
54521875
54522025
54522175
54522325
54522475
54522625
54522775
54522925
54523075
54523225
54523375
54523525
54523675
54523825
54523975
54524125
54524275
54524425
54524575
54524725
54524875
54525025
54525175
54525325
54525475
54525625
54525775
54525925
54526075
54526225
54526375
54526525
54526675
54526825
54526975
54527125
54527275
54527425
54527575
54527725
54527875
54528025
54528175
54528325
54528475
54528625
54528775
54528925
54529075
54529225
54529375
54529525
54529675
54529825
54529975
54530125
54530275
54530425
54530575
54530725
54530875
54531025
54531175
54531325
54531475
54531625
54531775
54531925
54532075
54532225
54532375
54532525
54532675
54532825
54532975
54533125
54533275
54533425
54533575
54533725
54533875
54534025
54534175
54534325
54534475
54534625
54534775
54534925
54535075
54535225
54535375
54535525
54535675
54535825
54535975
54536125
54536275
54536425
54536575
54536725
54536875
54537025
54537175
54537325
54537475
54537625
54537775
54537925
54538075
54538225
54538375
54538525
54538675
54538825
54538975
54539125
54539275
54539425
54539575
54539725
54539875
54540025
54540175
54540325
54540475
54540625
54540775
54540925
54541075
54541225
54541375
54541525
54541675
54541825
54541975
54542125
54542275
54542425
54542575
54542725
54542875
54543025
54543175
54543325
54543475
54543625
54543775
54543925
54544075
54544225
54544375
54544525
54544675
54544825
54544975
54545125
54545275
54545425
54545575
54545725
54545875
54546025
54546175
54546325
54546475
54546625
54546775
54546925
54547075
54547225
54547375
54547525
54547675
54547825
54547975
54548125
54548275
54548425
54548575
54548725
54548875
54549025
54549175
54549325
54549475
54549625
54549775
54549925
54550075
54550225
54550375
54550525
54550675
54550825
54550975
54551125
54551275
54551425
54551575
54551725
54551875
54552025
54552175
54552325
54552475
54552625
54552775
54552925
54553075
54553225
54553375
54553525
54553675
54553825
54553975
54554125
54554275
54554425
54554575
54554725
54554875
54555025
54555175
54555325
54555475
54555625
54555775
54555925
54556075
54556225
54556375
54556525
54556675
54556825
54556975
54557125
54557275
54557425
54557575
54557725
54557875
54558025
54558175
54558325
54558475
54558625
54558775
54558925
54559075
54559225
54559375
54559525
54559675
54559825
54559975
54560125
54560275
54560425
54560575
54560725
54560875
54561025
54561175
54561325
54561475
54561625
54561775
54561925
54562075
54562225
54562375
54562525
54562675
54562825
54562975
54563125
54563275
54563425
54563575
54563725
54563875
54564025
54564175
54564325
54564475
54564625
54564775
54564925
54565075
54565225
54565375
54565525
54565675
54565825
54565975
54566125
54566275
54566425
54566575
54566725
54566875
54567025
54567175
54567325
54567475
54567625
54567775
54567925
54568075
54568225
54568375
54568525
54568675
54568825
54568975
54569125
54569275
54569425
54569575
54569725
54569875
54570025
54570175
54570325
54570475
54570625
54570775
54570925
54571075
54571225
54571375
54571525
54571675
54571825
54571975
54572125
54572275
54572425
54572575
54572725
54572875
54573025
54573175
54573325
54573475
54573625
54573775
54573925
54574075
54574225
54574375
54574525
54574675
54574825
54574975
54575125
54575275
54575425
54575575
54575725
54575875
54576025
54576175
54576325
54576475
54576625
54576775
54576925
54577075
54577225
54577375
54577525
54577675
54577825
54577975
54578125
54578275
54578425
54578575
54578725
54578875
54579025
54579175
54579325
54579475
54579625
54579775
54579925
54580075
54580225
54580375
54580525
54580675
54580825
54580975
54581125
54581275
54581425
54581575
54581725
54581875
54582025
54582175
54582325
54582475
54582625
54582775
54582925
54583075
54583225
54583375
54583525
54583675
54583825
54583975
54584125
54584275
54584425
54584575
54584725
54584875
54585025
54585175
54585325
54585475
54585625
54585775
54585925
54586075
54586225
54586375
54586525
54586675
54586825
54586975
54587125
54587275
54587425
54587575
54587725
54587875
54588025
54588175
54588325
54588475
54588625
54588775
54588925
54589075
54589225
54589375
54589525
54589675
54589825
54589975
54590125
54590275
54590425
54590575
54590725
54590875
54591025
54591175
54591325
54591475
54591625
54591775
54591925
54592075
54592225
54592375
54592525
54592675
54592825
54592975
54593125
54593275
54593425
54593575
54593725
54593875
54594025
54594175
54594325
54594475
54594625
54594775
54594925
54595075
54595225
54595375
54595525
54595675
54595825
54595975
54596125
54596275
54596425
54596575
54596725
54596875
54597025
54597175
54597325
54597475
54597625
54597775
54597925
54598075
54598225
54598375
54598525
54598675
54598825
54598975
54599125
54599275
54599425
54599575
54599725
54599875
54600025
54600175
54600325
54600475
54600625
54600775
54600925
54601075
54601225
54601375
54601525
54601675
54601825
54601975
54602125
54602275
54602425
54602575
54602725
54602875
54603025
54603175
54603325
54603475
54603625
54603775
54603925
54604075
54604225
54604375
54604525
54604675
54604825
54604975
54605125
54605275
54605425
54605575
54605725
54605875
54606025
54606175
54606325
54606475
54606625
54606775
54606925
54607075
54607225
54607375
54607525
54607675
54607825
54607975
54608125
54608275
54608425
54608575
54608725
54608875
54609025
54609175
54609325
54609475
54609625
54609775
54609925
54610075
54610225
54610375
54610525
54610675
54610825
54610975
54611125
54611275
54611425
54611575
54611725
54611875
54612025
54612175
54612325
54612475
54612625
54612775
54612925
54613075
54613225
54613375
54613525
54613675
54613825
54613975
54614125
54614275
54614425
54614575
54614725
54614875
54615025
54615175
54615325
54615475
54615625
54615775
54615925
54616075
54616225
54616375
54616525
54616675
54616825
54616975
54617125
54617275
54617425
54617575
54617725
54617875
54618025
54618175
54618325
54618475
54618625
54618775
54618925
54619075
54619225
54619375
54619525
54619675
54619825
54619975
54620125
54620275
54620425
54620575
54620725
54620875
54621025
54621175
54621325
54621475
54621625
54621775
54621925
54622075
54622225
54622375
54622525
54622675
54622825
54622975
54623125
54623275
54623425
54623575
54623725
54623875
54624025
54624175
54624325
54624475
54624625
54624775
54624925
54625075
54625225
54625375
54625525
54625675
54625825
54625975
54626125
54626275
54626425
54626575
54626725
54626875
54627025
54627175
54627325
54627475
54627625
54627775
54627925
54628075
54628225
54628375
54628525
54628675
54628825
54628975
54629125
54629275
54629425
54629575
54629725
54629875
54630025
54630175
54630325
54630475
54630625
54630775
54630925
54631075
54631225
54631375
54631525
54631675
54631825
54631975
54632125
54632275
54632425
54632575
54632725
54632875
54633025
54633175
54633325
54633475
54633625
54633775
54633925
54634075
54634225
54634375
54634525
54634675
54634825
54634975
54635125
54635275
54635425
54635575
54635725
54635875
54636025
54636175
54636325
54636475
54636625
54636775
54636925
54637075
54637225
54637375
54637525
54637675
54637825
54637975
54638125
54638275
54638425
54638575
54638725
54638875
54639025
54639175
54639325
54639475
54639625
54639775
54639925
54640075
54640225
54640375
54640525
54640675
54640825
54640975
54641125
54641275
54641425
54641575
54641725
54641875
54642025
54642175
54642325
54642475
54642625
54642775
54642925
54643075
54643225
54643375
54643525
54643675
54643825
54643975
54644125
54644275
54644425
54644575
54644725
54644875
54645025
54645175
54645325
54645475
54645625
54645775
54645925
54646075
54646225
54646375
54646525
54646675
54646825
54646975
54647125
54647275
54647425
54647575
54647725
54647875
54648025
54648175
54648325
54648475
54648625
54648775
54648925
54649075
54649225
54649375
54649525
54649675
54649825
54649975
54650125
54650275
54650425
54650575
54650725
54650875
54651025
54651175
54651325
54651475
54651625
54651775
54651925
54652075
54652225
54652375
54652525
54652675
54652825
54652975
54653125
54653275
54653425
54653575
54653725
54653875
54654025
54654175
54654325
54654475
54654625
54654775
54654925
54655075
54655225
54655375
54655525
54655675
54655825
54655975
54656125
54656275
54656425
54656575
54656725
54656875
54657025
54657175
54657325
54657475
54657625
54657775
54657925
54658075
54658225
54658375
54658525
54658675
54658825
54658975
54659125
54659275
54659425
54659575
54659725
54659875
54660025
54660175
54660325
54660475
54660625
54660775
54660925
54661075
54661225
54661375
54661525
54661675
54661825
54661975
54662125
54662275
54662425
54662575
54662725
54662875
54663025
54663175
54663325
54663475
54663625
54663775
54663925
54664075
54664225
54664375
54664525
54664675
54664825
54664975
54665125
54665275
54665425
54665575
54665725
54665875
54666025
54666175
54666325
54666475
54666625
54666775
54666925
54667075
54667225
54667375
54667525
54667675
54667825
54667975
54668125
54668275
54668425
54668575
54668725
54668875
54669025
54669175
54669325
54669475
54669625
54669775
54669925
54670075
54670225
54670375
54670525
54670675
54670825
54670975
54671125
54671275
54671425
54671575
54671725
54671875
54672025
54672175
54672325
54672475
54672625
54672775
54672925
54673075
54673225
54673375
54673525
54673675
54673825
54673975
54674125
54674275
54674425
54674575
54674725
54674875
54675025
54675175
54675325
54675475
54675625
54675775
54675925
54676075
54676225
54676375
54676525
54676675
54676825
54676975
54677125
54677275
54677425
54677575
54677725
54677875
54678025
54678175
54678325
54678475
54678625
54678775
54678925
54679075
54679225
54679375
54679525
54679675
54679825
54679975
54680125
54680275
54680425
54680575
54680725
54680875
54681025
54681175
54681325
54681475
54681625
54681775
54681925
54682075
54682225
54682375
54682525
54682675
54682825
54682975
54683125
54683275
54683425
54683575
54683725
54683875
54684025
54684175
54684325
54684475
54684625
54684775
54684925
54685075
54685225
54685375
54685525
54685675
54685825
54685975
54686125
54686275
54686425
54686575
54686725
54686875
54687025
54687175
54687325
54687475
54687625
54687775
54687925
54688075
54688225
54688375
54688525
54688675
54688825
54688975
54689125
54689275
54689425
54689575
54689725
54689875
54690025
54690175
54690325
54690475
54690625
54690775
54690925
54691075
54691225
54691375
54691525
54691675
54691825
54691975
54692125
54692275
54692425
54692575
54692725
54692875
54693025
54693175
54693325
54693475
54693625
54693775
54693925
54694075
54694225
54694375
54694525
54694675
54694825
54694975
54695125
54695275
54695425
54695575
54695725
54695875
54696025
54696175
54696325
54696475
54696625
54696775
54696925
54697075
54697225
54697375
54697525
54697675
54697825
54697975
54698125
54698275
54698425
54698575
54698725
54698875
54699025
54699175
54699325
54699475
54699625
54699775
54699925
54700075
54700225
54700375
54700525
54700675
54700825
54700975
54701125
54701275
54701425
54701575
54701725
54701875
54702025
54702175
54702325
54702475
54702625
54702775
54702925
54703075
54703225
54703375
54703525
54703675
54703825
54703975
54704125
54704275
54704425
54704575
54704725
54704875
54705025
54705175
54705325
54705475
54705625
54705775
54705925
54706075
54706225
54706375
54706525
54706675
54706825
54706975
54707125
54707275
54707425
54707575
54707725
54707875
54708025
54708175
54708325
54708475
54708625
54708775
54708925
54709075
54709225
54709375
54709525
54709675
54709825
54709975
54710125
54710275
54710425
54710575
54710725
54710875
54711025
54711175
54711325
54711475
54711625
54711775
54711925
54712075
54712225
54712375
54712525
54712675
54712825
54712975
54713125
54713275
54713425
54713575
54713725
54713875
54714025
54714175
54714325
54714475
54714625
54714775
54714925
54715075
54715225
54715375
54715525
54715675
54715825
54715975
54716125
54716275
54716425
54716575
54716725
54716875
54717025
54717175
54717325
54717475
54717625
54717775
54717925
54718075
54718225
54718375
54718525
54718675
54718825
54718975
54719125
54719275
54719425
54719575
54719725
54719875
54720025
54720175
54720325
54720475
54720625
54720775
54720925
54721075
54721225
54721375
54721525
54721675
54721825
54721975
54722125
54722275
54722425
54722575
54722725
54722875
54723025
54723175
54723325
54723475
54723625
54723775
54723925
54724075
54724225
54724375
54724525
54724675
54724825
54724975
54725125
54725275
54725425
54725575
54725725
54725875
54726025
54726175
54726325
54726475
54726625
54726775
54726925
54727075
54727225
54727375
54727525
54727675
54727825
54727975
54728125
54728275
54728425
54728575
54728725
54728875
54729025
54729175
54729325
54729475
54729625
54729775
54729925
54730075
54730225
54730375
54730525
54730675
54730825
54730975
54731125
54731275
54731425
54731575
54731725
54731875
54732025
54732175
54732325
54732475
54732625
54732775
54732925
54733075
54733225
54733375
54733525
54733675
54733825
54733975
54734125
54734275
54734425
54734575
54734725
54734875
54735025
54735175
54735325
54735475
54735625
54735775
54735925
54736075
54736225
54736375
54736525
54736675
54736825
54736975
54737125
54737275
54737425
54737575
54737725
54737875
54738025
54738175
54738325
54738475
54738625
54738775
54738925
54739075
54739225
54739375
54739525
54739675
54739825
54739975
54740125
54740275
54740425
54740575
54740725
54740875
54741025
54741175
54741325
54741475
54741625
54741775
54741925
54742075
54742225
54742375
54742525
54742675
54742825
54742975
54743125
54743275
54743425
54743575
54743725
54743875
54744025
54744175
54744325
54744475
54744625
54744775
54744925
54745075
54745225
54745375
54745525
54745675
54745825
54745975
54746125
54746275
54746425
54746575
54746725
54746875
54747025
54747175
54747325
54747475
54747625
54747775
54747925
54748075
54748225
54748375
54748525
54748675
54748825
54748975
54749125
54749275
54749425
54749575
54749725
54749875
54750025
54750175
54750325
54750475
54750625
54750775
54750935
54751085
54751235
54751385
54751535
54751685
54751835
54751985
54752135
54752285
54752435
54752585
54752735
54752885
54753035
54753185
54753335
54753485
54753635
54753785
54753935
54754085
54754235
54754385
54754535
54754685
54754835
54754985
54755135
54755285
54755435
54755585
54755735
54755885
54756035
54756185
54756335
54756485
54756635
54756785
54756935
54757085
54757235
54757385
54757535
54757685
54757835
54757985
54758135
54758285
54758435
54758585
54758735
54758885
54759035
54759185
54759335
54759485
54759635
54759785
54759935
54760085
54760235
54760385
54760535
54760685
54760835
54760985
54761135
54761285
54761435
54761585
54761735
54761885
54762035
54762185
54762335
54762485
54762635
54762785
54762935
54763085
54763235
54763385
54763535
54763685
54763835
54763985
54764135
54764285
54764435
54764585
54764735
54764885
3.204e-04
3.204e-04
3.204e-04
3.204e-04
3.203e-04
3.204e-04
3.203e-04
3.205e-04
3.204e-04
3.204e-04
3.203e-04
3.204e-04
3.204e-04
3.204e-04
3.203e-04
3.205e-04
3.204e-04
3.204e-04
3.204e-04
3.204e-04
3.204e-04
3.204e-04
3.203e-04
3.204e-04
3.205e-04
3.203e-04
3.203e-04
3.203e-04
3.204e-04
3.203e-04
3.205e-04
3.203e-04
3.203e-04
3.204e-04
3.203e-04
3.203e-04
3.204e-04
3.204e-04
3.203e-04
3.204e-04
3.202e-04
3.205e-04
3.204e-04
3.204e-04
3.204e-04
3.204e-04
3.204e-04
3.203e-04
3.205e-04
3.204e-04
3.204e-04
3.203e-04
3.203e-04
3.204e-04
3.205e-04
3.203e-04
3.205e-04
3.204e-04
3.205e-04
3.204e-04
3.203e-04
3.203e-04
3.203e-04
3.203e-04
3.203e-04
3.203e-04
3.205e-04
3.203e-04
3.203e-04
3.204e-04
3.204e-04
3.204e-04
3.204e-04
3.205e-04
3.204e-04
3.203e-04
3.203e-04
3.202e-04
3.204e-04
3.205e-04
3.204e-04
3.204e-04
3.204e-04
3.205e-04
3.204e-04
3.202e-04
3.204e-04
3.203e-04
3.204e-04
3.203e-04
3.204e-04
3.204e-04
3.202e-04
3.203e-04
3.204e-04
3.204e-04
3.203e-04
3.204e-04
3.203e-04
3.203e-04
3.204e-04
3.203e-04
3.204e-04
3.204e-04
3.203e-04
3.204e-04
3.204e-04
3.203e-04
3.204e-04
3.202e-04
3.204e-04
3.203e-04
3.204e-04
3.204e-04
3.202e-04
3.204e-04
3.204e-04
3.202e-04
3.203e-04
3.203e-04
3.204e-04
3.203e-04
3.203e-04
3.201e-04
3.203e-04
3.202e-04
3.203e-04
3.203e-04
3.203e-04
3.203e-04
3.203e-04
3.204e-04
3.203e-04
3.202e-04
3.203e-04
3.203e-04
3.203e-04
3.203e-04
3.204e-04
3.203e-04
3.204e-04
3.203e-04
3.203e-04
3.204e-04
3.204e-04
3.204e-04
3.203e-04
3.203e-04
3.203e-04
3.204e-04
3.203e-04
3.204e-04
3.204e-04
3.204e-04
3.204e-04
3.202e-04
3.202e-04
3.203e-04
3.204e-04
3.203e-04
3.203e-04
3.204e-04
3.203e-04
3.204e-04
3.204e-04
3.203e-04
3.203e-04
3.203e-04
3.203e-04
3.203e-04
3.204e-04
3.202e-04
3.204e-04
3.205e-04
3.203e-04
3.203e-04
3.203e-04
3.204e-04
3.203e-04
3.203e-04
3.202e-04
3.203e-04
3.203e-04
3.203e-04
3.202e-04
3.204e-04
3.205e-04
3.202e-04
3.204e-04
3.202e-04
3.204e-04
3.202e-04
3.203e-04
3.202e-04
3.203e-04
3.203e-04
3.203e-04
3.202e-04
3.203e-04
3.203e-04
3.202e-04
3.202e-04
3.203e-04
3.202e-04
3.203e-04
3.203e-04
3.203e-04
3.202e-04
3.203e-04
3.203e-04
3.202e-04
3.202e-04
3.203e-04
3.204e-04
3.203e-04
3.203e-04
3.202e-04
3.204e-04
3.203e-04
3.203e-04
3.203e-04
3.203e-04
3.203e-04
3.203e-04
3.203e-04
3.205e-04
3.202e-04
3.203e-04
3.204e-04
3.204e-04
3.203e-04
3.204e-04
3.204e-04
3.204e-04
3.204e-04
3.204e-04
3.203e-04
3.202e-04
3.205e-04
3.203e-04
3.205e-04
3.203e-04
3.202e-04
3.203e-04
3.204e-04
3.203e-04
3.204e-04
3.203e-04
3.204e-04
3.203e-04
3.204e-04
3.204e-04
3.202e-04
3.204e-04
3.203e-04
3.204e-04
3.203e-04
3.203e-04
3.203e-04
3.201e-04
3.204e-04
3.204e-04
3.203e-04
3.203e-04
3.204e-04
3.203e-04
3.204e-04
3.203e-04
3.204e-04
3.203e-04
3.204e-04
3.203e-04
3.203e-04
3.203e-04
3.202e-04
3.203e-04
3.204e-04
3.203e-04
3.203e-04
3.205e-04
3.204e-04
3.204e-04
3.204e-04
3.205e-04
3.204e-04
3.204e-04
3.203e-04
3.203e-04
3.202e-04
3.202e-04
3.203e-04
3.203e-04
3.203e-04
3.203e-04
3.203e-04
3.202e-04
3.203e-04
3.203e-04
3.203e-04
3.203e-04
3.203e-04
3.203e-04
3.203e-04
3.203e-04
3.204e-04
3.203e-04
3.203e-04
3.204e-04
3.204e-04
3.204e-04
3.203e-04
3.203e-04
3.204e-04
3.203e-04
3.203e-04
3.203e-04
3.203e-04
3.202e-04
3.204e-04
3.203e-04
3.202e-04
3.203e-04
3.202e-04
3.202e-04
3.202e-04
3.204e-04
3.203e-04
3.204e-04
3.204e-04
3.203e-04
3.203e-04
3.205e-04
3.203e-04
3.202e-04
3.204e-04
3.204e-04
3.203e-04
3.203e-04
3.203e-04
3.203e-04
3.204e-04
3.204e-04
3.203e-04
3.203e-04
3.204e-04
3.204e-04
3.204e-04
3.203e-04
3.203e-04
3.203e-04
3.205e-04
3.203e-04
3.203e-04
3.203e-04
3.204e-04
3.203e-04
3.202e-04
3.203e-04
3.203e-04
3.203e-04
3.204e-04
3.204e-04
3.203e-04
3.203e-04
3.204e-04
3.204e-04
3.203e-04
3.203e-04
3.203e-04
3.203e-04
3.204e-04
3.204e-04
3.203e-04
3.204e-04
3.203e-04
3.203e-04
3.202e-04
3.203e-04
3.203e-04
3.202e-04
3.204e-04
3.203e-04
3.203e-04
3.203e-04
3.203e-04
3.204e-04
3.203e-04
3.202e-04
3.204e-04
3.204e-04
3.203e-04
3.204e-04
3.203e-04
3.204e-04
3.202e-04
3.203e-04
3.203e-04
3.202e-04
3.203e-04
3.204e-04
3.202e-04
3.204e-04
3.202e-04
3.204e-04
3.204e-04
3.203e-04
3.204e-04
3.204e-04
3.204e-04
3.204e-04
3.203e-04
3.204e-04
3.203e-04
3.203e-04
3.203e-04
3.203e-04
3.203e-04
3.204e-04
3.203e-04
3.205e-04
3.204e-04
3.203e-04
3.203e-04
3.204e-04
3.203e-04
3.202e-04
3.204e-04
3.203e-04
3.203e-04
3.204e-04
3.203e-04
3.203e-04
3.204e-04
3.204e-04
3.204e-04
3.203e-04
3.203e-04
3.204e-04
3.203e-04
3.203e-04
3.203e-04
3.203e-04
3.204e-04
3.203e-04
3.203e-04
3.203e-04
3.202e-04
3.203e-04
3.203e-04
3.205e-04
3.203e-04
3.203e-04
3.203e-04
3.203e-04
3.204e-04
3.203e-04
3.203e-04
3.203e-04
3.203e-04
3.203e-04
3.202e-04
3.204e-04
3.204e-04
3.203e-04
3.203e-04
3.202e-04
3.204e-04
3.202e-04
3.203e-04
3.204e-04
3.203e-04
3.203e-04
3.204e-04
3.204e-04
3.203e-04
3.204e-04
3.203e-04
3.204e-04
3.203e-04
3.203e-04
3.203e-04
3.204e-04
3.204e-04
3.202e-04
3.203e-04
3.203e-04
3.203e-04
3.203e-04
3.202e-04
3.201e-04
3.203e-04
3.205e-04
3.203e-04
3.204e-04
3.204e-04
3.202e-04
3.204e-04
3.203e-04
3.203e-04
3.204e-04
3.202e-04
3.204e-04
3.204e-04
3.201e-04
3.204e-04
3.202e-04
3.204e-04
3.203e-04
3.204e-04
3.204e-04
3.204e-04
3.203e-04
3.204e-04
3.204e-04
3.203e-04
3.202e-04
3.204e-04
3.204e-04
3.202e-04
3.204e-04
3.203e-04
3.204e-04
3.204e-04
3.203e-04
3.204e-04
3.205e-04
3.204e-04
3.203e-04
3.203e-04
3.204e-04
3.203e-04
3.203e-04
3.204e-04
3.204e-04
3.204e-04
3.204e-04
3.204e-04
3.204e-04
3.203e-04
3.202e-04
3.203e-04
3.203e-04
3.204e-04
3.204e-04
3.204e-04
3.203e-04
3.203e-04
3.204e-04
3.204e-04
3.204e-04
3.204e-04
3.203e-04
3.202e-04
3.203e-04
3.203e-04
3.203e-04
3.203e-04
3.202e-04
3.203e-04
3.202e-04
3.204e-04
3.203e-04
3.202e-04
3.202e-04
3.203e-04
3.204e-04
3.204e-04
3.202e-04
3.204e-04
3.203e-04
3.203e-04
3.203e-04
3.202e-04
3.204e-04
3.202e-04
3.203e-04
3.203e-04
3.204e-04
3.204e-04
3.202e-04
3.204e-04
3.203e-04
3.204e-04
3.204e-04
3.202e-04
3.202e-04
3.202e-04
3.203e-04
3.203e-04
3.202e-04
3.203e-04
3.204e-04
3.204e-04
3.203e-04
3.202e-04
3.204e-04
3.205e-04
3.203e-04
3.204e-04
3.203e-04
3.203e-04
3.202e-04
3.203e-04
3.203e-04
3.204e-04
3.203e-04
3.204e-04
3.204e-04
3.203e-04
3.204e-04
3.203e-04
3.202e-04
3.202e-04
3.203e-04
3.203e-04
3.203e-04
3.203e-04
3.204e-04
3.203e-04
3.203e-04
3.203e-04
3.203e-04
3.202e-04
3.204e-04
3.205e-04
3.203e-04
3.203e-04
3.203e-04
3.204e-04
3.203e-04
3.203e-04
3.203e-04
3.203e-04
3.203e-04
3.204e-04
3.203e-04
3.203e-04
3.202e-04
3.203e-04
3.203e-04
3.203e-04
3.204e-04
3.203e-04
3.204e-04
3.203e-04
3.203e-04
3.203e-04
3.205e-04
3.204e-04
3.204e-04
3.203e-04
3.203e-04
3.204e-04
3.203e-04
3.203e-04
3.202e-04
3.204e-04
3.201e-04
3.204e-04
3.202e-04
3.204e-04
3.202e-04
3.204e-04
3.203e-04
3.202e-04
3.204e-04
3.203e-04
3.203e-04
3.203e-04
3.203e-04
3.203e-04
3.205e-04
3.204e-04
3.204e-04
3.204e-04
3.203e-04
3.204e-04
3.204e-04
3.202e-04
3.203e-04
3.203e-04
3.203e-04
3.203e-04
3.203e-04
3.203e-04
3.204e-04
3.203e-04
3.203e-04
3.204e-04
3.203e-04
3.203e-04
3.203e-04
3.203e-04
3.203e-04
3.204e-04
3.204e-04
3.203e-04
3.203e-04
3.202e-04
3.202e-04
3.204e-04
3.203e-04
3.204e-04
3.203e-04
3.203e-04
3.204e-04
3.202e-04
3.204e-04
3.203e-04
3.203e-04
3.203e-04
3.203e-04
3.203e-04
3.203e-04
3.203e-04
3.204e-04
3.202e-04
3.202e-04
3.202e-04
3.203e-04
3.204e-04
3.202e-04
3.203e-04
3.204e-04
3.203e-04
3.204e-04
3.205e-04
3.204e-04
3.204e-04
3.204e-04
3.202e-04
3.202e-04
3.203e-04
3.203e-04
3.202e-04
3.203e-04
3.203e-04
3.203e-04
3.204e-04
3.204e-04
3.203e-04
3.203e-04
3.204e-04
3.204e-04
3.204e-04
3.204e-04
3.203e-04
3.204e-04
3.203e-04
3.203e-04
3.204e-04
3.203e-04
3.203e-04
3.202e-04
3.203e-04
3.203e-04
3.202e-04
3.203e-04
3.204e-04
3.203e-04
3.204e-04
3.202e-04
3.203e-04
3.203e-04
3.203e-04
3.203e-04
3.203e-04
3.202e-04
3.204e-04
3.204e-04
3.204e-04
3.202e-04
3.204e-04
3.203e-04
3.204e-04
3.203e-04
3.204e-04
3.203e-04
3.203e-04
3.203e-04
3.204e-04
3.203e-04
3.203e-04
3.204e-04
3.205e-04
3.201e-04
3.203e-04
3.203e-04
3.202e-04
3.202e-04
3.203e-04
3.203e-04
3.204e-04
3.204e-04
3.203e-04
3.204e-04
3.203e-04
3.202e-04
3.203e-04
3.204e-04
3.203e-04
3.204e-04
3.203e-04
3.203e-04
3.203e-04
3.204e-04
3.203e-04
3.203e-04
3.203e-04
3.203e-04
3.203e-04
3.202e-04
3.203e-04
3.204e-04
3.204e-04
3.203e-04
3.202e-04
3.203e-04
3.203e-04
3.204e-04
3.203e-04
3.202e-04
3.203e-04
3.203e-04
3.203e-04
3.202e-04
3.203e-04
3.203e-04
3.204e-04
3.204e-04
3.204e-04
3.203e-04
3.203e-04
3.202e-04
3.204e-04
3.203e-04
3.203e-04
3.203e-04
3.203e-04
3.202e-04
3.203e-04
3.203e-04
3.203e-04
3.203e-04
3.202e-04
3.203e-04
3.204e-04
3.203e-04
3.205e-04
3.203e-04
3.203e-04
3.202e-04
3.203e-04
3.203e-04
3.203e-04
3.203e-04
3.204e-04
3.205e-04
3.204e-04
3.203e-04
3.204e-04
3.202e-04
3.202e-04
3.203e-04
3.203e-04
3.203e-04
3.203e-04
3.202e-04
3.203e-04
3.202e-04
3.203e-04
3.203e-04
3.203e-04
3.203e-04
3.204e-04
3.202e-04
3.203e-04
3.202e-04
3.203e-04
3.203e-04
3.203e-04
3.203e-04
3.202e-04
3.203e-04
3.204e-04
3.204e-04
3.204e-04
3.204e-04
3.203e-04
3.202e-04
3.203e-04
3.204e-04
3.203e-04
3.202e-04
3.202e-04
3.203e-04
3.203e-04
3.203e-04
3.203e-04
3.202e-04
3.203e-04
3.203e-04
3.203e-04
3.203e-04
3.204e-04
3.202e-04
3.203e-04
3.202e-04
3.202e-04
3.203e-04
3.203e-04
3.202e-04
3.204e-04
3.203e-04
3.204e-04
3.202e-04
3.204e-04
3.203e-04
3.204e-04
3.204e-04
3.204e-04
3.203e-04
3.203e-04
3.203e-04
3.203e-04
3.204e-04
3.202e-04
3.203e-04
3.205e-04
3.203e-04
3.203e-04
3.202e-04
3.204e-04
3.201e-04
3.203e-04
3.204e-04
3.204e-04
3.204e-04
3.202e-04
3.204e-04
3.203e-04
3.204e-04
3.203e-04
3.203e-04
3.203e-04
3.203e-04
3.203e-04
3.203e-04
3.202e-04
3.203e-04
3.201e-04
3.202e-04
3.202e-04
3.202e-04
3.204e-04
3.203e-04
3.202e-04
3.204e-04
3.205e-04
3.204e-04
3.204e-04
3.203e-04
3.204e-04
3.204e-04
3.204e-04
3.204e-04
3.203e-04
3.203e-04
3.204e-04
3.203e-04
3.203e-04
3.203e-04
3.203e-04
3.202e-04
3.203e-04
3.203e-04
3.203e-04
3.204e-04
3.204e-04
3.202e-04
3.203e-04
3.203e-04
3.203e-04
3.203e-04
3.203e-04
3.203e-04
3.203e-04
3.203e-04
3.202e-04
3.203e-04
3.204e-04
3.203e-04
3.204e-04
3.204e-04
3.204e-04
3.204e-04
3.201e-04
3.203e-04
3.203e-04
3.202e-04
3.203e-04
3.204e-04
3.203e-04
3.203e-04
3.203e-04
3.204e-04
3.204e-04
3.203e-04
3.204e-04
3.203e-04
3.202e-04
3.203e-04
3.203e-04
3.202e-04
3.204e-04
3.203e-04
3.203e-04
3.203e-04
3.203e-04
3.203e-04
3.204e-04
3.203e-04
3.204e-04
3.204e-04
3.203e-04
3.203e-04
3.203e-04
3.205e-04
3.204e-04
3.201e-04
3.205e-04
3.204e-04
3.204e-04
3.204e-04
3.203e-04
3.204e-04
3.204e-04
3.203e-04
3.202e-04
3.204e-04
3.203e-04
3.203e-04
3.205e-04
3.202e-04
3.203e-04
3.203e-04
3.204e-04
3.203e-04
3.204e-04
3.204e-04
3.203e-04
3.203e-04
3.204e-04
3.203e-04
3.203e-04
3.203e-04
3.203e-04
3.204e-04
3.202e-04
3.204e-04
3.203e-04
3.202e-04
3.203e-04
3.203e-04
3.203e-04
3.203e-04
3.203e-04
3.203e-04
3.202e-04
3.202e-04
3.203e-04
3.203e-04
3.203e-04
3.203e-04
3.204e-04
3.203e-04
3.204e-04
3.204e-04
3.204e-04
3.204e-04
3.203e-04
3.204e-04
3.203e-04
3.205e-04
3.202e-04
3.203e-04
3.204e-04
3.202e-04
3.204e-04
3.203e-04
3.202e-04
3.203e-04
3.204e-04
3.202e-04
3.204e-04
3.204e-04
3.203e-04
3.203e-04
3.204e-04
3.202e-04
3.202e-04
3.203e-04
3.203e-04
3.204e-04
3.202e-04
3.203e-04
3.204e-04
3.204e-04
3.203e-04
3.202e-04
3.204e-04
3.202e-04
3.204e-04
3.203e-04
3.204e-04
3.204e-04
3.203e-04
3.205e-04
3.203e-04
3.203e-04
3.203e-04
3.203e-04
3.204e-04
3.204e-04
3.204e-04
3.205e-04
3.203e-04
3.203e-04
3.203e-04
3.203e-04
3.204e-04
3.203e-04
3.204e-04
3.203e-04
3.204e-04
3.203e-04
3.204e-04
3.203e-04
3.204e-04
3.204e-04
3.204e-04
3.203e-04
3.202e-04
3.203e-04
3.204e-04
3.204e-04
3.203e-04
3.203e-04
3.204e-04
3.203e-04
3.204e-04
3.205e-04
3.203e-04
3.203e-04
3.201e-04
3.202e-04
3.204e-04
3.205e-04
3.203e-04
3.203e-04
3.203e-04
3.203e-04
3.203e-04
3.202e-04
3.204e-04
3.204e-04
3.203e-04
3.204e-04
3.205e-04
3.203e-04
3.202e-04
3.202e-04
3.203e-04
3.203e-04
3.202e-04
3.203e-04
3.205e-04
3.202e-04
3.204e-04
3.203e-04
3.204e-04
3.203e-04
3.202e-04
3.203e-04
3.204e-04
3.202e-04
3.203e-04
3.203e-04
3.203e-04
3.204e-04
3.202e-04
3.203e-04
3.203e-04
3.203e-04
3.203e-04
3.203e-04
3.203e-04
3.202e-04
3.204e-04
3.202e-04
3.204e-04
3.204e-04
3.202e-04
3.202e-04
3.204e-04
3.203e-04
3.204e-04
3.204e-04
3.204e-04
3.204e-04
3.202e-04
3.202e-04
3.202e-04
3.202e-04
3.203e-04
3.203e-04
3.204e-04
3.202e-04
3.204e-04
3.202e-04
3.203e-04
3.203e-04
3.203e-04
3.204e-04
3.204e-04
3.203e-04
3.203e-04
3.204e-04
3.202e-04
3.203e-04
3.204e-04
3.204e-04
3.202e-04
3.203e-04
3.205e-04
3.204e-04
3.203e-04
3.203e-04
3.203e-04
3.203e-04
3.202e-04
3.203e-04
3.204e-04
3.203e-04
3.203e-04
3.204e-04
3.203e-04
3.202e-04
3.204e-04
3.202e-04
3.202e-04
3.202e-04
3.202e-04
3.202e-04
3.204e-04
3.205e-04
3.203e-04
3.203e-04
3.202e-04
3.203e-04
3.203e-04
3.203e-04
3.204e-04
3.203e-04
3.204e-04
3.203e-04
3.204e-04
3.203e-04
3.202e-04
3.202e-04
3.203e-04
3.203e-04
3.203e-04
3.204e-04
3.203e-04
3.203e-04
3.203e-04
3.204e-04
3.204e-04
3.203e-04
3.202e-04
3.203e-04
3.203e-04
3.203e-04
3.202e-04
3.204e-04
3.203e-04
3.203e-04
3.203e-04
3.203e-04
3.202e-04
3.203e-04
3.203e-04
3.204e-04
3.204e-04
3.202e-04
3.203e-04
3.204e-04
3.203e-04
3.203e-04
3.203e-04
3.203e-04
3.203e-04
3.203e-04
3.203e-04
3.204e-04
3.204e-04
3.203e-04
3.203e-04
3.204e-04
3.203e-04
3.204e-04
3.204e-04
3.204e-04
3.204e-04
3.203e-04
3.203e-04
3.203e-04
3.204e-04
3.202e-04
3.203e-04
3.203e-04
3.203e-04
3.204e-04
3.204e-04
3.203e-04
3.204e-04
3.203e-04
3.202e-04
3.202e-04
3.202e-04
3.203e-04
3.203e-04
3.204e-04
3.203e-04
3.203e-04
3.203e-04
3.202e-04
3.203e-04
3.204e-04
3.203e-04
3.203e-04
3.203e-04
3.203e-04
3.203e-04
3.203e-04
3.203e-04
3.203e-04
3.204e-04
3.204e-04
3.203e-04
3.203e-04
3.204e-04
3.203e-04
3.202e-04
3.203e-04
3.202e-04
3.204e-04
3.202e-04
3.203e-04
3.203e-04
3.203e-04
3.203e-04
3.204e-04
3.203e-04
3.203e-04
3.203e-04
3.203e-04
3.203e-04
3.203e-04
3.202e-04
3.203e-04
3.203e-04
3.205e-04
3.203e-04
3.204e-04
3.205e-04
3.203e-04
3.204e-04
3.202e-04
3.202e-04
3.203e-04
3.203e-04
3.204e-04
3.203e-04
3.202e-04
3.204e-04
3.204e-04
3.204e-04
3.202e-04
3.204e-04
3.203e-04
3.204e-04
3.204e-04
3.203e-04
3.203e-04
3.203e-04
3.203e-04
3.204e-04
3.202e-04
3.202e-04
3.203e-04
3.203e-04
3.203e-04
3.203e-04
3.203e-04
3.203e-04
3.203e-04
3.203e-04
3.202e-04
3.202e-04
3.204e-04
3.204e-04
3.203e-04
3.203e-04
3.204e-04
3.203e-04
3.205e-04
3.204e-04
3.204e-04
3.204e-04
3.204e-04
3.202e-04
3.201e-04
3.203e-04
3.204e-04
3.204e-04
3.203e-04
3.203e-04
3.204e-04
3.203e-04
3.204e-04
3.203e-04
3.204e-04
3.203e-04
3.202e-04
3.203e-04
3.202e-04
3.204e-04
3.203e-04
3.203e-04
3.202e-04
3.204e-04
3.204e-04
3.204e-04
3.204e-04
3.203e-04
3.204e-04
3.203e-04
3.204e-04
3.202e-04
3.203e-04
3.203e-04
3.203e-04
3.203e-04
3.203e-04
3.202e-04
3.204e-04
3.204e-04
3.204e-04
3.203e-04
3.204e-04
3.203e-04
3.204e-04
3.202e-04
3.205e-04
3.204e-04
3.203e-04
3.204e-04
3.203e-04
3.203e-04
3.204e-04
3.202e-04
3.202e-04
3.204e-04
3.203e-04
3.203e-04
3.202e-04
3.204e-04
3.203e-04
3.204e-04
3.204e-04
3.204e-04
3.204e-04
3.203e-04
3.203e-04
3.202e-04
3.204e-04
3.204e-04
3.203e-04
3.205e-04
3.203e-04
3.203e-04
3.203e-04
3.203e-04
3.202e-04
3.203e-04
3.203e-04
3.202e-04
3.202e-04
3.203e-04
3.204e-04
3.204e-04
3.203e-04
3.205e-04
3.203e-04
3.204e-04
3.204e-04
3.202e-04
3.202e-04
3.203e-04
3.205e-04
3.204e-04
3.203e-04
3.203e-04
3.203e-04
3.204e-04
3.203e-04
3.203e-04
3.203e-04
3.203e-04
3.203e-04
3.202e-04
3.203e-04
3.205e-04
3.203e-04
3.203e-04
3.203e-04
3.204e-04
3.204e-04
3.202e-04
3.202e-04
3.202e-04
3.203e-04
3.204e-04
3.204e-04
3.203e-04
3.202e-04
3.203e-04
3.203e-04
3.204e-04
3.203e-04
3.203e-04
3.204e-04
3.203e-04
3.203e-04
3.203e-04
3.204e-04
3.203e-04
3.203e-04
3.203e-04
3.204e-04
3.203e-04
3.203e-04
3.204e-04
3.202e-04
3.202e-04
3.203e-04
3.203e-04
3.202e-04
3.203e-04
3.204e-04
3.202e-04
3.203e-04
3.203e-04
3.203e-04
3.201e-04
3.203e-04
3.204e-04
3.203e-04
3.203e-04
3.204e-04
3.203e-04
3.204e-04
3.203e-04
3.203e-04
3.204e-04
3.203e-04
3.204e-04
3.203e-04
3.204e-04
3.203e-04
3.203e-04
3.205e-04
3.204e-04
3.201e-04
3.204e-04
3.203e-04
3.204e-04
3.203e-04
3.203e-04
3.203e-04
3.202e-04
3.203e-04
3.203e-04
3.204e-04
3.203e-04
3.203e-04
3.203e-04
3.201e-04
3.205e-04
3.201e-04
3.203e-04
3.203e-04
3.204e-04
3.203e-04
3.205e-04
3.203e-04
3.202e-04
3.203e-04
3.203e-04
3.203e-04
3.203e-04
3.203e-04
3.203e-04
3.203e-04
3.202e-04
3.205e-04
3.203e-04
3.203e-04
3.203e-04
3.203e-04
3.204e-04
3.204e-04
3.203e-04
3.202e-04
3.204e-04
3.203e-04
3.203e-04
3.204e-04
3.204e-04
3.203e-04
3.202e-04
3.204e-04
3.203e-04
3.204e-04
3.203e-04
3.204e-04
3.204e-04
3.202e-04
3.202e-04
3.203e-04
3.204e-04
3.204e-04
3.203e-04
3.204e-04
3.204e-04
3.203e-04
3.203e-04
3.203e-04
3.205e-04
3.204e-04
3.203e-04
3.206e-04
3.203e-04
3.203e-04
3.204e-04
3.202e-04
3.203e-04
3.202e-04
3.203e-04
3.203e-04
3.203e-04
3.203e-04
3.203e-04
3.203e-04
3.204e-04
3.203e-04
3.203e-04
3.202e-04
3.203e-04
3.203e-04
3.204e-04
3.202e-04
3.202e-04
3.203e-04
3.205e-04
3.204e-04
3.203e-04
3.204e-04
3.202e-04
3.203e-04
3.203e-04
3.202e-04
3.203e-04
3.203e-04
3.203e-04
3.204e-04
3.203e-04
3.203e-04
3.204e-04
3.204e-04
3.203e-04
3.204e-04
3.203e-04
3.204e-04
3.204e-04
3.203e-04
3.203e-04
3.202e-04
3.202e-04
3.202e-04
3.204e-04
3.205e-04
3.202e-04
3.204e-04
3.202e-04
3.203e-04
3.203e-04
3.203e-04
3.204e-04
3.203e-04
3.202e-04
3.204e-04
3.201e-04
3.204e-04
3.203e-04
3.203e-04
3.204e-04
3.203e-04
3.204e-04
3.203e-04
3.203e-04
3.203e-04
3.205e-04
3.204e-04
3.203e-04
3.204e-04
3.203e-04
3.204e-04
3.204e-04
3.203e-04
3.204e-04
3.203e-04
3.203e-04
3.204e-04
3.203e-04
3.202e-04
3.202e-04
3.204e-04
3.204e-04
3.202e-04
3.204e-04
3.203e-04
3.204e-04
3.203e-04
3.203e-04
3.202e-04
3.203e-04
3.202e-04
3.205e-04
3.203e-04
3.203e-04
3.203e-04
3.203e-04
3.203e-04
3.204e-04
3.204e-04
3.203e-04
3.202e-04
3.204e-04
3.204e-04
3.203e-04
3.203e-04
3.202e-04
3.204e-04
3.204e-04
3.203e-04
3.203e-04
3.203e-04
3.204e-04
3.203e-04
3.203e-04
3.204e-04
3.204e-04
3.203e-04
3.204e-04
3.204e-04
3.203e-04
3.205e-04
3.203e-04
3.202e-04
3.203e-04
3.203e-04
3.203e-04
3.204e-04
3.203e-04
3.203e-04
3.203e-04
3.204e-04
3.204e-04
3.203e-04
3.204e-04
3.204e-04
3.204e-04
3.203e-04
3.203e-04
3.203e-04
3.203e-04
3.203e-04
3.203e-04
3.203e-04
3.204e-04
3.203e-04
3.203e-04
3.203e-04
3.202e-04
3.204e-04
3.202e-04
3.203e-04
3.203e-04
3.203e-04
3.202e-04
3.204e-04
3.203e-04
3.203e-04
3.203e-04
3.203e-04
3.202e-04
3.203e-04
3.203e-04
3.203e-04
3.203e-04
3.202e-04
3.202e-04
3.202e-04
3.203e-04
3.202e-04
3.203e-04
3.203e-04
3.202e-04
3.203e-04
3.204e-04
3.204e-04
3.203e-04
3.203e-04
3.203e-04
3.203e-04
3.203e-04
3.204e-04
3.203e-04
3.203e-04
3.203e-04
3.204e-04
3.203e-04
3.203e-04
3.204e-04
3.203e-04
3.204e-04
3.204e-04
3.204e-04
3.203e-04
3.203e-04
3.203e-04
3.203e-04
3.203e-04
3.203e-04
3.203e-04
3.204e-04
3.203e-04
3.202e-04
3.203e-04
3.204e-04
3.204e-04
3.203e-04
3.204e-04
3.203e-04
3.203e-04
3.202e-04
3.204e-04
3.203e-04
3.203e-04
3.203e-04
3.202e-04
3.204e-04
3.202e-04
3.203e-04
3.204e-04
3.202e-04
3.203e-04
3.203e-04
3.203e-04
3.202e-04
3.202e-04
3.204e-04
3.203e-04
3.203e-04
3.204e-04
3.203e-04
3.203e-04
3.202e-04
3.203e-04
3.203e-04
3.203e-04
3.204e-04
3.203e-04
3.204e-04
3.202e-04
3.204e-04
3.203e-04
3.203e-04
3.203e-04
3.203e-04
3.204e-04
3.203e-04
3.202e-04
3.204e-04
3.203e-04
3.202e-04
3.203e-04
3.204e-04
3.205e-04
3.204e-04
3.204e-04
3.203e-04
3.205e-04
3.203e-04
3.204e-04
3.204e-04
3.203e-04
3.204e-04
3.204e-04
3.203e-04
3.203e-04
3.203e-04
3.202e-04
3.202e-04
3.202e-04
3.203e-04
3.203e-04
3.203e-04
3.204e-04
3.204e-04
3.203e-04
3.202e-04
3.203e-04
3.204e-04
3.203e-04
3.204e-04
3.204e-04
3.203e-04
3.203e-04
3.204e-04
3.203e-04
3.204e-04
3.203e-04
3.203e-04
3.203e-04
3.204e-04
3.203e-04
3.204e-04
3.202e-04
3.203e-04
3.203e-04
3.203e-04
3.202e-04
3.203e-04
3.203e-04
3.204e-04
3.203e-04
3.204e-04
3.203e-04
3.204e-04
3.204e-04
3.204e-04
3.203e-04
3.203e-04
3.203e-04
3.203e-04
3.204e-04
3.203e-04
3.203e-04
3.203e-04
3.203e-04
3.203e-04
3.203e-04
3.204e-04
3.203e-04
3.203e-04
3.203e-04
3.203e-04
3.202e-04
3.203e-04
3.202e-04
3.203e-04
3.203e-04
3.203e-04
3.203e-04
3.203e-04
3.202e-04
3.204e-04
3.203e-04
3.204e-04
3.205e-04
3.203e-04
3.203e-04
3.204e-04
3.203e-04
3.203e-04
3.203e-04
3.204e-04
3.204e-04
3.203e-04
3.202e-04
3.203e-04
3.203e-04
3.203e-04
3.204e-04
3.202e-04
3.204e-04
3.203e-04
3.204e-04
3.203e-04
3.204e-04
3.203e-04
3.202e-04
3.203e-04
3.203e-04
3.203e-04
3.204e-04
3.203e-04
3.203e-04
3.204e-04
3.203e-04
3.203e-04
3.203e-04
3.204e-04
3.204e-04
3.203e-04
3.203e-04
3.204e-04
3.203e-04
3.204e-04
3.202e-04
3.203e-04
3.203e-04
3.203e-04
3.204e-04
3.203e-04
3.203e-04
3.204e-04
3.203e-04
3.204e-04
3.203e-04
3.205e-04
3.203e-04
3.204e-04
3.202e-04
3.201e-04
3.203e-04
3.203e-04
3.203e-04
3.204e-04
3.203e-04
3.204e-04
3.203e-04
3.204e-04
3.204e-04
3.202e-04
3.204e-04
3.203e-04
3.204e-04
3.205e-04
3.204e-04
3.204e-04
3.202e-04
3.203e-04
3.202e-04
3.202e-04
3.203e-04
3.203e-04
3.203e-04
3.203e-04
3.204e-04
3.204e-04
3.204e-04
3.202e-04
3.203e-04
3.203e-04
3.204e-04
3.205e-04
3.203e-04
3.204e-04
3.202e-04
3.203e-04
3.202e-04
3.203e-04
3.204e-04
3.204e-04
3.204e-04
3.203e-04
3.204e-04
3.203e-04
3.204e-04
3.203e-04
3.202e-04
3.203e-04
3.203e-04
3.203e-04
3.205e-04
3.204e-04
3.203e-04
3.203e-04
3.203e-04
3.202e-04
3.203e-04
3.204e-04
3.203e-04
3.203e-04
3.203e-04
3.202e-04
3.203e-04
3.204e-04
3.203e-04
3.203e-04
3.203e-04
3.204e-04
3.202e-04
3.204e-04
3.202e-04
3.202e-04
3.202e-04
3.203e-04
3.203e-04
3.203e-04
3.203e-04
3.203e-04
3.204e-04
3.203e-04
3.203e-04
3.204e-04
3.203e-04
3.203e-04
3.202e-04
3.203e-04
3.203e-04
3.203e-04
3.203e-04
3.203e-04
3.204e-04
3.203e-04
3.202e-04
3.204e-04
3.202e-04
3.204e-04
3.202e-04
3.203e-04
3.203e-04
3.203e-04
3.203e-04
3.203e-04
3.202e-04
3.203e-04
3.204e-04
3.201e-04
3.202e-04
3.204e-04
3.203e-04
3.203e-04
3.202e-04
3.203e-04
3.201e-04
3.204e-04
3.204e-04
3.203e-04
3.202e-04
3.203e-04
3.204e-04
3.202e-04
3.202e-04
3.202e-04
3.204e-04
3.203e-04
3.202e-04
3.203e-04
3.202e-04
3.202e-04
3.202e-04
3.204e-04
3.202e-04
3.203e-04
3.203e-04
3.203e-04
3.204e-04
3.204e-04
3.203e-04
3.202e-04
3.203e-04
3.203e-04
3.202e-04
3.203e-04
3.202e-04
3.204e-04
3.202e-04
3.202e-04
3.204e-04
3.203e-04
3.203e-04
3.202e-04
3.202e-04
3.203e-04
3.203e-04
3.202e-04
3.204e-04
3.204e-04
3.204e-04
3.204e-04
3.202e-04
3.202e-04
3.202e-04
3.203e-04
3.203e-04
3.203e-04
3.202e-04
3.203e-04
3.202e-04
3.203e-04
3.203e-04
3.203e-04
3.202e-04
3.202e-04
3.203e-04
3.202e-04
3.203e-04
3.202e-04
3.203e-04
3.203e-04
3.203e-04
3.203e-04
3.202e-04
3.203e-04
3.201e-04
3.202e-04
3.202e-04
3.201e-04
3.202e-04
3.203e-04
3.201e-04
3.202e-04
3.203e-04
3.203e-04
3.201e-04
3.202e-04
3.202e-04
3.204e-04
3.201e-04
3.203e-04
3.203e-04
3.203e-04
3.201e-04
3.202e-04
3.202e-04
3.204e-04
3.201e-04
3.202e-04
3.202e-04
3.203e-04
3.203e-04
3.203e-04
3.202e-04
3.202e-04
3.203e-04
3.203e-04
3.203e-04
3.202e-04
3.203e-04
3.203e-04
3.202e-04
3.203e-04
3.202e-04
3.201e-04
3.202e-04
3.202e-04
3.203e-04
3.203e-04
3.203e-04
3.202e-04
3.202e-04
3.202e-04
3.202e-04
3.202e-04
3.202e-04
3.203e-04
3.202e-04
3.203e-04
3.204e-04
3.202e-04
3.202e-04
3.202e-04
3.203e-04
3.202e-04
3.203e-04
3.204e-04
3.203e-04
3.203e-04
3.203e-04
3.203e-04
3.203e-04
3.203e-04
3.203e-04
3.203e-04
3.202e-04
3.203e-04
3.204e-04
3.202e-04
3.204e-04
3.203e-04
3.202e-04
3.203e-04
3.203e-04
3.203e-04
3.203e-04
3.203e-04
3.203e-04
3.202e-04
3.203e-04
3.202e-04
3.200e-04
3.202e-04
3.203e-04
3.203e-04
3.203e-04
3.203e-04
3.203e-04
3.203e-04
3.203e-04
3.203e-04
3.201e-04
3.202e-04
3.201e-04
3.203e-04
3.203e-04
3.202e-04
3.203e-04
3.203e-04
3.203e-04
3.203e-04
3.203e-04
3.204e-04
3.202e-04
3.203e-04
3.203e-04
3.202e-04
3.203e-04
3.202e-04
3.202e-04
3.202e-04
3.203e-04
3.201e-04
3.202e-04
3.203e-04
3.203e-04
3.202e-04
3.202e-04
3.203e-04
3.203e-04
3.204e-04
3.201e-04
3.202e-04
3.203e-04
3.203e-04
3.202e-04
3.204e-04
3.202e-04
3.202e-04
3.203e-04
3.203e-04
3.203e-04
3.203e-04
3.201e-04
3.203e-04
3.203e-04
3.202e-04
3.203e-04
3.202e-04
3.202e-04
3.202e-04
3.204e-04
3.202e-04
3.204e-04
3.203e-04
3.202e-04
3.201e-04
3.202e-04
3.202e-04
3.201e-04
3.202e-04
3.203e-04
3.203e-04
3.203e-04
3.204e-04
3.202e-04
3.202e-04
3.204e-04
3.203e-04
3.203e-04
3.203e-04
3.204e-04
3.204e-04
3.203e-04
3.203e-04
3.203e-04
3.203e-04
3.202e-04
3.202e-04
3.203e-04
3.203e-04
3.203e-04
3.203e-04
3.203e-04
3.203e-04
3.203e-04
3.203e-04
3.202e-04
3.202e-04
3.202e-04
3.201e-04
3.203e-04
3.204e-04
3.202e-04
3.202e-04
3.202e-04
3.202e-04
3.203e-04
3.203e-04
3.202e-04
3.202e-04
3.203e-04
3.202e-04
3.202e-04
3.204e-04
3.203e-04
3.203e-04
3.204e-04
3.202e-04
3.202e-04
3.204e-04
3.202e-04
3.202e-04
3.202e-04
3.204e-04
3.203e-04
3.202e-04
3.202e-04
3.203e-04
3.204e-04
3.202e-04
3.204e-04
3.202e-04
3.204e-04
3.202e-04
3.202e-04
3.204e-04
3.202e-04
3.202e-04
3.202e-04
3.203e-04
3.203e-04
3.202e-04
3.202e-04
3.202e-04
3.203e-04
3.202e-04
3.204e-04
3.202e-04
3.203e-04
3.202e-04
3.203e-04
3.202e-04
3.202e-04
3.203e-04
3.202e-04
3.202e-04
3.202e-04
3.202e-04
3.201e-04
3.202e-04
3.203e-04
3.202e-04
3.202e-04
3.202e-04
3.202e-04
3.202e-04
3.203e-04
3.202e-04
3.203e-04
3.202e-04
3.201e-04
3.202e-04
3.203e-04
3.203e-04
3.203e-04
3.202e-04
3.203e-04
3.203e-04
3.204e-04
3.204e-04
3.202e-04
3.204e-04
3.201e-04
3.203e-04
3.203e-04
3.202e-04
3.204e-04
3.203e-04
3.202e-04
3.203e-04
3.203e-04
3.202e-04
3.203e-04
3.201e-04
3.203e-04
3.203e-04
3.202e-04
3.202e-04
3.203e-04
3.203e-04
3.204e-04
3.203e-04
3.203e-04
3.202e-04
3.204e-04
3.203e-04
3.202e-04
3.202e-04
3.204e-04
3.203e-04
3.202e-04
3.204e-04
3.202e-04
3.202e-04
3.202e-04
3.203e-04
3.203e-04
3.202e-04
3.202e-04
3.202e-04
3.203e-04
3.203e-04
3.204e-04
3.202e-04
3.202e-04
3.203e-04
3.203e-04
3.203e-04
3.202e-04
3.203e-04
3.204e-04
3.202e-04
3.202e-04
3.202e-04
3.203e-04
3.204e-04
3.203e-04
3.202e-04
3.202e-04
3.203e-04
3.203e-04
3.203e-04
3.202e-04
3.203e-04
3.203e-04
3.202e-04
3.203e-04
3.203e-04
3.202e-04
3.202e-04
3.201e-04
3.204e-04
3.202e-04
3.203e-04
3.203e-04
3.203e-04
3.201e-04
3.202e-04
3.203e-04
3.202e-04
3.203e-04
3.202e-04
3.202e-04
3.202e-04
3.203e-04
3.203e-04
3.202e-04
3.202e-04
3.204e-04
3.202e-04
3.202e-04
3.203e-04
3.203e-04
3.204e-04
3.202e-04
3.203e-04
3.203e-04
3.202e-04
3.203e-04
3.204e-04
3.203e-04
3.202e-04
3.202e-04
3.203e-04
3.203e-04
3.203e-04
3.202e-04
3.203e-04
3.202e-04
3.202e-04
3.203e-04
3.202e-04
3.203e-04
3.203e-04
3.202e-04
3.204e-04
3.201e-04
3.203e-04
3.203e-04
3.202e-04
3.203e-04
3.203e-04
3.202e-04
3.203e-04
3.204e-04
3.202e-04
3.203e-04
3.202e-04
3.204e-04
3.202e-04
3.203e-04
3.203e-04
3.202e-04
3.203e-04
3.203e-04
3.203e-04
3.203e-04
3.203e-04
3.203e-04
3.202e-04
3.202e-04
3.202e-04
3.202e-04
3.202e-04
3.203e-04
3.201e-04
3.203e-04
3.204e-04
3.203e-04
3.203e-04
3.203e-04
3.202e-04
3.203e-04
3.204e-04
3.203e-04
3.202e-04
3.203e-04
3.203e-04
3.203e-04
3.203e-04
3.203e-04
3.203e-04
3.204e-04
3.202e-04
3.203e-04
3.202e-04
3.203e-04
3.203e-04
3.202e-04
3.202e-04
3.201e-04
3.203e-04
3.202e-04
3.202e-04
3.201e-04
3.203e-04
3.202e-04
3.202e-04
3.201e-04
3.203e-04
3.203e-04
3.203e-04
3.201e-04
3.203e-04
3.202e-04
3.202e-04
3.202e-04
3.203e-04
3.203e-04
3.202e-04
3.202e-04
3.203e-04
3.203e-04
3.201e-04
3.202e-04
3.203e-04
3.204e-04
3.202e-04
3.201e-04
3.202e-04
3.202e-04
3.203e-04
3.201e-04
3.203e-04
3.202e-04
3.202e-04
3.202e-04
3.203e-04
3.202e-04
3.202e-04
3.202e-04
3.202e-04
3.201e-04
3.203e-04
3.202e-04
3.202e-04
3.202e-04
3.204e-04
3.202e-04
3.202e-04
3.202e-04
3.203e-04
3.203e-04
3.203e-04
3.203e-04
3.202e-04
3.202e-04
3.202e-04
3.202e-04
3.203e-04
3.202e-04
3.203e-04
3.201e-04
3.202e-04
3.202e-04
3.205e-04
3.202e-04
3.203e-04
3.203e-04
3.202e-04
3.203e-04
3.203e-04
3.201e-04
3.204e-04
3.203e-04
3.203e-04
3.202e-04
3.204e-04
3.202e-04
3.202e-04
3.203e-04
3.202e-04
3.202e-04
3.202e-04
3.202e-04
3.203e-04
3.203e-04
3.203e-04
3.203e-04
3.203e-04
3.202e-04
3.203e-04
3.203e-04
3.203e-04
3.203e-04
3.203e-04
3.203e-04
3.203e-04
3.202e-04
3.203e-04
3.202e-04
3.203e-04
3.203e-04
3.203e-04
3.203e-04
3.202e-04
3.203e-04
3.202e-04
3.202e-04
3.203e-04
3.203e-04
3.202e-04
3.203e-04
3.202e-04
3.203e-04
3.203e-04
3.203e-04
3.202e-04
3.203e-04
3.202e-04
3.203e-04
3.202e-04
3.203e-04
3.204e-04
3.203e-04
3.203e-04
3.203e-04
3.202e-04
3.203e-04
3.203e-04
3.201e-04
3.202e-04
3.203e-04
3.202e-04
3.202e-04
3.203e-04
3.203e-04
3.203e-04
3.202e-04
3.202e-04
3.203e-04
3.202e-04
3.202e-04
3.203e-04
3.202e-04
3.204e-04
3.203e-04
3.202e-04
3.203e-04
3.202e-04
3.203e-04
3.202e-04
3.202e-04
3.203e-04
3.204e-04
3.203e-04
3.202e-04
3.202e-04
3.203e-04
3.203e-04
3.203e-04
3.203e-04
3.202e-04
3.203e-04
3.202e-04
3.202e-04
3.202e-04
3.202e-04
3.202e-04
3.204e-04
3.203e-04
3.203e-04
3.203e-04
3.203e-04
3.203e-04
3.203e-04
3.201e-04
3.202e-04
3.203e-04
3.203e-04
3.203e-04
3.203e-04
3.204e-04
3.203e-04
3.202e-04
3.203e-04
3.203e-04
3.203e-04
3.203e-04
3.203e-04
3.202e-04
3.204e-04
3.203e-04
3.202e-04
3.202e-04
3.202e-04
3.201e-04
3.202e-04
3.202e-04
3.203e-04
3.203e-04
3.203e-04
3.202e-04
3.203e-04
3.202e-04
3.202e-04
3.202e-04
3.203e-04
3.202e-04
3.203e-04
3.203e-04
3.202e-04
3.203e-04
3.202e-04
3.202e-04
3.202e-04
3.202e-04
3.202e-04
3.205e-04
3.202e-04
3.202e-04
3.203e-04
3.202e-04
3.202e-04
3.202e-04
3.203e-04
3.204e-04
3.202e-04
3.202e-04
3.203e-04
3.202e-04
3.203e-04
3.202e-04
3.203e-04
3.202e-04
3.204e-04
3.202e-04
3.202e-04
3.204e-04
3.203e-04
3.203e-04
3.204e-04
3.202e-04
3.203e-04
3.202e-04
3.203e-04
3.201e-04
3.203e-04
3.202e-04
3.203e-04
3.202e-04
3.202e-04
3.203e-04
3.203e-04
3.203e-04
3.201e-04
3.202e-04
3.203e-04
3.203e-04
3.203e-04
3.200e-04
3.202e-04
3.203e-04
3.203e-04
3.203e-04
3.202e-04
3.202e-04
3.203e-04
3.203e-04
3.202e-04
3.203e-04
3.202e-04
3.204e-04
3.203e-04
3.203e-04
3.201e-04
3.203e-04
3.203e-04
3.203e-04
3.202e-04
3.204e-04
3.203e-04
3.202e-04
3.202e-04
3.203e-04
3.203e-04
3.203e-04
3.202e-04
3.202e-04
3.203e-04
3.202e-04
3.202e-04
3.201e-04
3.203e-04
3.202e-04
3.202e-04
